1 5 5870 5876 5871 5865 6368 
1 7 5870 5891 5867 5886 5864 6043 6050 
1 3 6050 6040 6253 
1 10 5870 5902 5882 6954 6959 6957 6956 7246 7259 7256 
1 10 6368 6380 4950 4932 4943 4931 4935 4946 4953 4937 
1 11 6368 6378 6383 6362 6367 6226 6232 6220 6212 6243 6216 
1 3 4937 4978 4982 
1 2 4982 345 
1 10 7256 7242 7235 7240 7340 7346 7351 7341 7352 3730 
1 6 3730 3746 3733 3745 3735 6430 
1 2 3730 7344 
1 6 6216 6237 5907 5906 5913 5939 
1 12 10517 10508 10483 10512 10502 10478 10488 826 842 7017 7003 7010 
1 6 10517 10489 10681 10683 10971 10986 
1 2 7010 823 
1 10 7010 7019 7009 7018 7006 3285 3279 8952 8988 8958 
1 10 7010 9827 9830 9833 9831 9058 9066 9042 9061 9067 
1 10 8958 10228 10226 10222 10224 10231 9970 9952 9967 9953 
1 7 9953 9956 9969 10200 10197 10199 10207 
1 6 10207 10205 10210 10211 9873 9895 
1 8 9953 9964 3881 3862 3858 3885 3880 3875 
1 8 4279 4267 4303 4277 4292 4276 3553 3572 
1 4 4279 4708 4698 4712 
1 6 4712 4705 4714 4701 3771 3768 
1 5 3572 3557 3573 3550 1111 
1 7 3768 3785 3763 3780 2772 2785 2787 
1 5 1111 2966 2958 2956 2975 
1 6 4712 4697 4388 596 652 5157 
1 3 5157 643 655 
1 7 655 662 653 644 657 650 4019 
1 9 2787 2779 2775 1971 1947 1949 1944 1966 1962 
1 9 4019 4037 4026 1391 1401 2030 2009 2031 2012 
1 8 2975 2955 2974 2968 2221 2223 2216 2226 
1 4 2012 2029 2005 1392 
1 6 655 5072 5075 4601 4606 4590 
1 5 2226 2216 2239 2245 1796 
1 3 2012 2387 2390 
1 5 2390 2393 1996 1985 1999 
1 7 1392 1386 1402 2887 2877 2880 2878 
1 6 1796 1801 1788 1797 1732 1731 
1 4 2878 2720 2736 2722 
1 5 1999 1594 1592 1578 1596 
1 5 2722 2727 2724 3331 3317 
1 9 1731 1715 1730 1724 1896 1889 1884 1890 1881 
1 4 1881 2557 2541 2540 
1 6 3317 3313 3323 3673 3664 3671 
1 8 2540 2556 3253 3266 3263 3259 3839 3851 
1 8 1596 1587 1581 1589 1601 1583 1579 1710 
1 6 3851 3257 3053 3040 3044 3041 
1 10 9653 9636 9628 9630 11635 11631 11626 11640 11622 11629 
1 5 3109 10440 10420 10419 10439 
1 7 3109 3080 3114 2061 2141 2155 2154 
1 13 3109 10440 3065 3095 3075 3112 3123 3127 3086 10349 10352 10351 10347 
1 6 10439 10423 10432 10780 10759 10782 
1 6 10347 4669 4678 4668 4674 4675 
1 8 10439 10419 10427 10179 10187 10160 10183 10175 
1 11 10347 10333 10348 10262 10114 10123 9984 9994 76 70 82 
1 6 10347 10350 5 10 13 8 
1 5 10782 10765 962 969 977 
1 4 8 16 10384 10119 
1 8 10175 10196 10178 8303 8313 8320 8305 8322 
1 4 8322 8309 9145 9154 
1 3 9154 9151 10622 
1 5 10119 10124 10110 9991 9988 
1 6 977 974 976 982 11280 11268 
1 5 10622 10619 10624 3244 6993 
1 7 4675 4663 3480 3482 11158 6806 6797 
1 7 11268 11273 11274 11314 11312 11326 11319 
1 2 11319 11749 
1 8 6797 6809 6803 6807 6791 1564 1570 1566 
1 5 6797 6795 5125 5137 5130 
1 6 9154 9143 9142 10879 10869 10875 
1 6 10875 10869 7554 7553 7557 11098 
1 7 9988 9977 9983 1873 1867 10285 10278 
1 5 5130 5134 5129 7096 7079 
1 8 11749 11750 11830 11846 11825 11819 11827 11843 
1 4 7079 7094 11144 11135 
1 6 11135 11137 11245 11239 2180 2188 
1 5 11843 11823 12094 11999 11990 
1 22 11098 11107 11103 11104 11115 11110 11102 11111 11113 11098 11170 11169 11180 11164 11175 11181 11174 229 224 232 225 226 
1 5 7079 7093 10925 10915 10917 
1 6 10875 7555 11043 11042 11166 11179 
1 7 11843 11823 11817 11834 12093 12071 12089 
1 11 6993 3250 3242 10398 8113 10396 10070 9092 9096 9087 9089 
1 6 10917 10919 10913 377 384 394 
1 11 12089 12083 12077 12085 12100 12074 12091 5858 5833 5855 5842 
1 6 11179 6202 6205 10832 10820 10829 
1 4 226 227 3452 3456 
1 7 10278 10284 10451 10446 10457 10445 10455 
1 5 2188 10893 10912 10897 10899 
1 4 11179 11183 11165 11403 
1 5 9089 9091 1252 1254 1256 
1 6 10917 10914 11801 11796 11785 11800 
1 5 1256 1255 5029 5040 5032 
1 17 394 8619 8607 10924 10928 10913 377 384 394 8600 8628 8622 8615 12059 12063 12061 4041 
1 9 3456 3458 3461 3453 3459 3454 11880 11855 11869 
1 8 11403 11400 11412 11402 11410 11619 11610 11612 
1 12 11869 11855 11869 11868 11880 11883 11866 11854 11859 11865 6450 35 
1 5 5032 5038 10577 10575 8462 
1 4 8462 10594 10584 10573 
1 4 10573 10569 10023 10041 
1 4 35 25 24 12262 
1 4 10041 10358 10362 10375 
1 8 11612 11769 11771 11775 8175 8163 8174 8154 
1 5 10573 10592 7403 7410 7405 
1 9 7405 7397 5352 5351 5356 2316 2306 8651 11564 
1 7 10375 10355 10368 10084 10090 10082 10089 
1 7 8154 8173 4103 4099 4113 4101 4105 
1 7 11564 11581 11551 11555 11563 7647 7635 
1 7 11564 8650 8653 8642 573 567 7166 
1 6 7166 7183 7167 11292 11297 11289 
1 7 11289 11696 11681 11684 11680 11694 11675 
1 11 10089 10080 10101 10091 10095 10240 10239 10103 8762 8759 10321 
1 9 11289 11283 11293 11301 11122 11128 11120 11121 11119 
1 4 11119 11132 9574 9587 
1 4 11119 11126 11186 11201 
1 9 10296 10309 11719 11725 9865 9863 9857 9864 9853 
1 3 10296 10309 11719 
1 5 9587 10669 10938 10956 10947 
1 11 9853 9864 9853 9855 9857 9871 9859 12486 12514 12497 12500 
1 8 11201 11193 11200 11188 10540 10539 10538 12007 
1 5 10296 11717 11733 9742 9729 
1 2 9729 9728 
1 5 1524 1507 1511 11456 11460 
1 6 10650 10950 10953 10942 549 533 
1 8 9729 11734 11718 11721 12331 12340 12328 12337 
1 5 11460 11455 11459 11082 11096 
1 7 12337 12330 12322 12443 12434 12435 12453 
1 5 12453 12436 11658 11660 11647 
1 7 1524 1509 11904 12009 11959 11957 11977 
1 4 12337 12317 1232 1222 
1 6 11647 11653 11656 12610 12612 12626 
1 8 11460 11455 11467 11461 4120 4132 4125 4134 
1 6 1222 1240 1227 1219 12561 12569 
1 4 12569 12547 12578 12573 
1 5 12569 12545 12556 11438 1419 
1 4 4134 4128 10723 10708 
1 6 4134 4126 4129 9944 6490 6494 
1 3 12573 12585 11501 
1 5 6494 6482 6488 10561 10558 
1 6 11501 11503 11498 11508 12588 12595 
1 10 1419 1423 1422 1420 1417 10412 10616 10609 12398 12399 
1 8 12595 4432 4440 4434 4451 1122 1143 1133 
1 6 10558 9218 10555 10552 12023 12030 
1 7 12595 12599 12587 7581 7580 7587 11346 
1 5 1133 1130 4425 4431 4435 
1 10 12399 12407 12396 12361 12360 12384 12362 12376 12357 12371 
1 11 12030 11915 11914 10851 11148 11150 11669 11667 4086 11256 11254 
1 6 11254 11261 11253 11023 11026 11013 
1 10 12371 12370 5236 11604 11601 951 948 12301 12230 12244 
1 6 11254 11247 57 45 61 47 
1 6 12244 12228 12135 12139 11944 11945 
1 4 47 61 42 2255 
1 10 11945 11947 11214 11219 12155 12167 12145 12166 12154 12146 
1 3 12146 12164 11227 
1 6 11227 8380 8370 8356 8357 8389 
1 6 8389 8374 8365 4967 4961 4955 
1 6 7481 7499 7494 8094 8098 8093 
1 6 7481 7502 7477 7489 7534 7541 
1 7 8093 8105 8101 8295 8288 8296 8289 
1 4 8289 8279 3525 3515 
1 6 3515 3527 8068 8064 8075 8080 
1 5 8080 7615 7606 7597 7609 
1 10 8093 8104 8102 8407 8402 8399 8410 8180 8894 8888 
1 7 8888 8895 8879 5086 5082 5089 5078 
1 8 5078 7297 7310 7314 7309 7296 5518 5523 
1 4 5523 5518 7312 7307 
1 11 5523 5512 5522 9172 9178 9174 8831 8844 8834 8838 8849 
1 5 5078 5096 5083 191 186 
1 3 186 9512 9506 
1 3 8849 8946 8938 
1 5 8938 8945 8940 8941 5278 
1 7 5523 5514 4564 4571 4563 2414 2402 
1 3 2402 2413 6764 
1 4 8938 9132 9115 9125 
1 5 9506 9515 9510 9517 8571 
1 3 9125 9126 9346 
1 4 9346 9337 9477 9493 
1 9 5278 8662 8659 8661 8996 8995 8912 8931 8916 
1 5 9371 9724 9703 9716 9723 
1 10 9371 9402 9362 9428 9228 9259 8713 8709 8728 8721 
1 6 9723 9706 9704 9707 2124 2139 
1 2 2139 9245 
1 12 8721 8711 9163 9168 9169 9156 9162 9158 9227 9250 9231 9245 
1 7 2139 2130 2128 2126 9670 9668 9681 
1 7 6102 6131 6119 6121 1752 1784 1778 
1 8 6102 6105 7804 7814 7807 7829 7839 7803 
1 12 6102 6136 6111 6118 3827 3815 3821 3797 3823 3796 3807 3825 
1 7 3825 3788 3801 3814 5499 5492 5486 
1 5 499 479 7997 7213 7189 
1 5 7189 7981 7969 7971 7985 
1 12 3825 7039 7043 7036 7050 6888 6892 6900 6879 6899 6867 413 
1 5 413 6896 6866 6862 6883 
1 3 2364 2324 5203 
1 5 5203 2347 2325 2327 6091 
1 11 6091 6082 6096 6087 111 116 119 124 1921 1915 1935 
1 8 6091 6084 6099 6308 6314 6306 6312 6618 
1 6 1935 1942 1927 1928 1916 7113 
1 6 6618 4579 4576 4580 6461 2603 
1 10 2603 2594 2599 2596 6016 6005 6018 2865 2854 2853 
1 6 2603 2594 2598 2601 2591 6015 
1 9 6618 6785 6782 6780 6779 157 153 155 148 
1 9 6015 3020 3026 3015 3016 3024 4816 4811 7063 
1 6 7063 7077 7074 7570 7560 7569 
1 4 7569 7564 8010 8017 
1 4 5428 5423 5429 2042 
1 8 2042 2055 2047 4719 4729 4726 4720 4728 
1 6 7063 7126 7134 7127 7138 7122 
1 5 7122 7132 7135 7627 7620 
1 8 8017 8013 8021 8015 8425 8417 8427 8419 
1 6 5428 6174 6166 6165 6180 6175 
1 5 7122 3913 3916 3904 3919 
1 5 3919 4422 4412 4418 4413 
1 5 7620 5626 5624 5636 5637 
1 7 8419 8412 8755 8758 9020 9027 9033 
1 7 3919 3903 3909 2831 2821 2818 2832 
1 5 5637 5632 632 623 640 
1 4 640 635 8212 8222 
1 8 3406 3369 3352 3341 3398 4620 7447 7450 
1 7 7450 7457 5169 5183 6538 6535 6546 
1 11 6546 6557 6551 6533 6285 6300 6284 6291 5543 5284 5296 
1 14 5296 5304 5291 5287 5305 4879 4881 4887 1292 4771 4763 4781 4768 4772 
1 7 5296 5557 5552 5583 5550 5559 5578 
1 9 5296 5289 5298 5288 3611 3643 3603 3631 3609 
1 7 4772 4783 4188 4193 4209 4183 4182 
1 5 4182 3495 3489 3498 3433 
1 9 3609 3636 3628 3601 3608 3644 4235 4248 4236 
1 9 4236 3160 3158 3174 3164 2705 2709 2700 2702 
1 11 4236 3002 3009 2996 4254 4250 3229 3212 3215 3222 2927 
1 6 2702 770 797 760 792 779 
1 9 779 789 762 1439 1437 1433 1435 1349 1344 
1 8 1344 1335 1350 1347 1330 1536 1543 1535 
1 6 1535 1538 1669 1661 1682 1684 
1 6 7702 7708 7692 7675 7707 5983 
1 9 7702 7679 7696 7712 7700 7673 7897 7923 7904 
1 5 7904 7899 7917 6826 6846 
1 3 5983 7748 7742 
1 7 7904 7901 7912 7895 8230 8535 8526 
1 11 7702 7705 7694 5965 5967 5991 5968 5976 3583 3581 3596 
1 6 7904 7919 7898 7908 8234 8225 
1 7 3596 3589 2114 2103 2118 2091 2111 
1 8 2111 2074 2099 2116 2085 2094 2119 8795 
1 3 8795 9610 9606 
1 8 8526 8539 8551 8530 8543 2302 2304 3719 
1 5 8225 7292 7291 1813 1818 
1 5 2111 2123 2093 2092 9543 
1 7 8225 7289 7290 7293 6511 6497 6518 
1 6 3719 3703 3713 3704 3712 9197 
1 5 6518 6503 6516 2271 2283 
1 7 1818 7871 7866 7863 7363 7360 7331 
1 6 9606 9595 9692 9694 9685 9686 
1 3 9197 4898 4906 
1 5 9543 9546 9550 9531 9292 
1 6 6518 1831 1811 1020 1007 1002 
1 5 2283 2277 5117 5105 5108 
1 6 9292 9540 9551 9558 9538 9778 
1 5 9686 9688 6925 6917 6923 
1 5 1002 1015 8430 8438 8454 
1 10 250 244 236 234 5667 5666 5664 9448 9444 9449 
1 6 250 254 237 239 5665 4847 
1 8 1002 1005 1018 8133 8128 8123 8136 8141 
1 10 250 235 238 255 4860 10153 10145 10133 10138 10147 
1 12 2402 2417 2405 2419 2404 6749 6762 6767 6755 4385 4377 4380 
1 2 4380 3077 
1 6 3077 3121 3067 3073 3093 10262 
1 5 3067 3125 3079 3094 3123 
1 9 9808 9813 9810 84 67 2672 2679 2676 9654 
1 5 9813 9811 9978 77 82 
1 5 82 71 79 74 9662 
1 3 9984 9658 9659 
1 2 9659 851 
1 6 851 854 850 9496 9472 9485 
1 5 9485 9474 9490 9489 9662 
1 7 7387 7390 7392 7375 7385 7376 8919 
1 4 8919 8906 7369 9654 
1 3 8919 8910 8920 
1 4 9474 9495 9481 9337 
1 5 9493 9470 9488 4384 4377 
1 9 9125 9340 9332 9343 9330 6761 6750 6759 2405 
1 11 9125 9118 9131 9120 9103 9110 9104 8925 8918 8921 8912 
1 5 8921 8928 8994 8997 8661 
1 5 3472 3469 8657 8666 8662 
1 7 3472 3471 8500 8499 8501 8497 8995 
1 8 3472 3468 3470 8045 8042 8047 8044 8086 
1 19 8047 8043 8053 5266 5274 5268 7595 7588 7603 3522 3514 3528 3512 4495 4499 4496 8852 8847 8831 
1 7 5268 5256 5279 5270 8949 8933 8945 
1 4 8068 3518 3529 3512 
1 4 8086 8049 7594 7609 
1 2 7592 7597 
1 4 8062 8061 8070 3527 
1 6 7539 7540 7549 8083 8069 8062 
1 4 7597 7552 7543 7540 
1 4 7539 7550 7538 7541 
1 12 7534 7480 7497 7479 7488 6184 6185 6183 6181 7512 7513 7509 
1 2 7509 7344 
1 11 7509 7515 7654 7650 7656 7885 7888 7878 8106 8103 8098 
1 16 7656 7881 7887 7849 7855 7850 5776 5780 5778 8253 8255 8329 8336 8256 8257 8180 
1 3 6000 6001 5778 
1 3 5774 7853 7849 
1 6 7513 7511 7505 7474 7506 7481 
1 8 7494 7483 8109 8099 8287 8297 8286 8279 
1 8 8289 8293 5014 3520 3516 3523 4503 4495 
1 10 8101 8097 8698 8706 8694 8880 8885 8883 8887 5082 
1 3 8180 8176 8888 
1 10 8706 8702 8701 2662 2658 2670 2656 5509 5510 5523 
1 5 2658 2661 2664 7295 7314 
1 9 3075 3062 3120 3078 3124 3097 3118 3092 2404 
1 8 4564 4572 4562 8564 8574 8565 2142 2154 
1 5 2154 2149 1453 1452 8571 
1 12 8571 1450 2063 2068 2059 6995 6978 6970 10174 10161 10164 10183 
1 6 2061 2058 2066 2060 2064 6978 
1 3 9681 9666 6075 
1 5 6075 6077 6976 6999 2068 
1 9 2126 2137 2129 9674 9912 8117 8116 8114 8113 
1 8 9096 9093 10062 10071 10063 10073 9914 9916 
1 2 9914 9912 
1 6 9723 9712 9708 9722 9911 9916 
1 8 8711 9248 9238 9236 9252 9240 9225 9245 
1 3 9703 9719 9724 
1 9 9362 9442 9377 9376 9421 9418 9432 9394 9370 
1 5 9418 9386 9419 9369 9370 
1 6 9432 9436 9391 9378 9397 9416 
1 11 9416 9038 9036 10056 10050 10059 10055 1244 1257 1251 1254 
1 4 9708 1197 1193 9089 
1 4 9723 5959 5958 10050 
1 15 9416 9387 9437 9380 9373 9400 10011 10026 10019 9999 10042 10027 10003 10016 10041 
1 3 8920 8909 8925 
1 3 8920 8911 9490 
1 3 2419 2409 3092 
1 3 6001 8121 8141 
1 6 6000 5772 5783 7354 7350 7235 
1 3 7654 7345 7341 
1 2 5774 7354 
1 9 4174 4159 4167 4161 4171 4822 4823 4825 4830 
1 13 4825 5048 5045 5051 5220 5217 5216 5360 5688 5685 5692 5684 5690 
1 10 4161 4175 4160 4168 4796 4801 4794 4798 4790 5364 
1 4 5364 5362 5363 5360 
1 6 5045 5046 2209 2200 2207 2211 
1 3 5402 5398 5220 
1 5 5402 5404 895 882 5685 
1 4 5402 5397 2206 2211 
1 3 2207 2203 2211 
1 5 3733 3752 3750 3760 3735 
1 6 3750 3734 6438 6424 6421 6430 
1 5 6421 6433 5695 5687 5690 
1 5 6424 6440 6423 885 882 
1 16 2206 2199 6251 6254 6271 6252 6270 6250 6598 6587 6033 6051 6034 6035 6037 6040 
1 11 6033 6039 6586 6588 6592 5814 5817 6724 6720 6719 7346 
1 7 5817 5825 5818 5813 7263 7261 7242 
1 12 6956 6947 6952 6961 6951 6953 1265 1266 5881 5868 5903 5876 
1 9 1265 1270 6643 6639 6376 6366 6377 6373 6367 
1 6 5864 5869 5873 5893 5894 5865 
1 3 4954 4936 4943 
1 7 345 332 347 4980 4974 4976 4946 
1 15 347 349 351 337 357 334 343 6228 6241 5001 4975 5000 4979 4945 4931 
1 2 4979 4976 
1 4 6241 6225 6244 6232 
1 5 6237 6221 6230 5936 5909 
1 5 5939 5918 5937 5943 5909 
1 7 5913 5926 5914 353 360 354 334 
1 4 9033 9015 9025 7097 
1 20 9015 9016 9029 9030 9017 8422 8426 8420 1463 1474 1464 1478 8266 8267 8348 8145 8150 8148 5011 5004 
1 6 5004 5008 5003 5009 154 148 
1 7 153 147 158 712 714 7571 7569 
1 7 158 150 6606 6608 6604 6602 8267 
1 6 8015 8012 1475 1471 1466 1474 
1 10 2832 2828 2822 2823 2829 628 624 637 629 623 
1 7 5637 5629 5623 5639 3905 3898 3913 
1 6 2821 2824 2830 2826 2827 2829 
1 9 6180 6164 2798 4414 4411 4420 4406 3902 3916 
1 8 3916 3901 7136 7140 7123 7129 7139 7126 
1 14 3024 6676 6672 6680 6675 6658 6653 2873 2869 2872 6357 6360 6352 5762 
1 6 5763 6353 6167 6171 6169 6164 
1 7 6171 6170 6471 6467 6474 4423 4411 
1 3 6471 6473 2872 
1 8 2042 2041 2044 4915 5677 2903 2898 2899 
1 5 5677 5680 5676 5679 6166 
1 9 4720 4717 4721 4929 4921 4928 4927 4925 2047 
1 8 4921 1458 1461 1457 5424 5431 5434 5429 
1 3 5428 5438 5763 
1 2 5763 5762 
1 6 5762 5768 5760 5421 5432 1457 
1 9 2853 2843 2863 2848 6008 6012 6026 6006 6015 
1 5 3018 3025 6350 6359 2869 
1 5 2853 2837 2842 5069 5072 
1 9 2364 6081 6100 6085 6310 6313 6307 6303 6308 
1 4 6100 6094 6092 6084 
1 7 6096 6616 6630 6611 6619 6622 6312 
1 6 6630 6631 6612 6628 1943 116 
1 7 6612 6627 1930 1923 1910 1931 1927 
1 12 7113 7109 7119 7121 7101 7100 899 901 907 898 6781 6782 
1 8 7109 7114 7099 7111 7103 7115 5005 5008 
1 5 5003 5006 7110 905 901 
1 11 124 107 133 113 105 101 2335 2340 2365 2336 2347 
1 4 2364 2334 5228 5227 
1 5 5227 5150 5152 4704 4698 
1 5 4279 4703 5226 5233 5196 
1 6 4279 4299 4269 4281 4271 5205 
1 5 5205 5199 2356 2367 2338 
1 5 4281 4304 4270 4288 4292 
1 6 5196 5198 5193 5201 2350 2338 
1 5 2338 2357 2343 2359 2335 
1 10 2720 3315 2885 2882 3686 3693 4515 4506 4511 4516 
1 3 4516 1460 4921 
1 5 4506 4760 4758 4723 4717 
1 5 4590 4603 2852 2849 2853 
1 5 4590 4606 4594 651 644 
1 3 657 659 651 
1 9 2877 2896 2886 2892 1403 1394 4600 4595 659 
1 7 4037 4033 4020 600 594 602 596 
1 3 596 5151 4388 
1 5 594 601 4390 4702 4714 
1 9 2727 2729 1987 2002 1976 2001 1989 1584 1589 
1 5 1583 1586 1712 1698 1710 
1 11 1712 1701 1699 168 169 171 2372 2371 2370 2609 2615 
1 5 3664 2610 2614 2611 2615 
1 8 3313 3320 2574 2565 2572 2568 2368 2372 
1 5 2572 2569 2570 3322 3323 
1 3 2565 2733 2729 
1 5 1996 2376 2399 2381 2029 
1 15 2772 2781 2007 2037 2028 2013 2377 2388 1079 1088 1083 2379 2378 2395 2779 
1 10 2390 2400 2384 2391 1077 1087 1076 1086 1084 1079 
1 8 3664 3672 3670 3665 3675 3666 3676 4723 
1 12 1944 1956 1967 1953 1102 1093 1110 1091 1114 3558 3555 3572 
1 6 3558 3563 3776 3764 3767 3785 
1 7 1102 2782 2791 2786 2784 2770 2787 
1 8 1967 1946 1965 1951 2227 2218 2963 2958 
1 4 2218 2224 2222 2223 
1 6 2223 2243 2237 2959 2967 2955 
1 5 2975 1622 1608 3962 3957 
1 5 2237 2969 2960 2962 2991 
1 4 2991 2982 1609 1623 
1 5 1623 1628 1611 3948 3973 
1 3 3973 3957 3951 
1 3 3951 3964 3559 
1 4 3559 3571 3561 3572 
1 9 1730 1714 1729 1716 1725 324 323 325 1484 
1 7 1484 1489 1491 1483 1892 1876 1884 
1 8 323 321 1410 1411 1412 1488 1480 1491 
1 18 1796 1785 1793 1798 1380 1372 1370 1374 1375 1373 326 322 327 320 1328 1327 1413 1412 
1 2 1374 1373 
1 2 1410 1412 
1 6 1788 1792 1794 2236 2238 2969 
1 13 1792 1789 1720 2577 2584 2576 2586 2581 2580 2979 2986 2972 2962 
1 16 2576 2588 2589 3477 3547 3546 4055 4057 4062 2985 2992 1610 1613 1618 1620 1611 
1 10 1610 4058 4053 4064 4056 4063 4059 672 679 678 
1 3 678 669 677 
1 3 677 667 3547 
1 6 677 676 2536 2537 2544 2541 
1 2 2537 2557 
1 12 678 674 666 2543 3838 3852 3840 3855 3837 3842 3847 3839 
1 9 2540 729 733 728 2654 2643 2649 3261 3257 
1 5 2649 2647 3045 3057 3056 
1 19 729 731 730 2645 2648 2650 2450 2449 2452 2454 2451 2456 2453 2457 2455 3047 3046 3041 3056 
