1 8 
1 35 
1 47 
1 82 
1 148 
1 186 
1 226 
1 250 
1 345 
1 394 
1 413 
1 499 
1 533 
1 640 
1 655 
1 779 
1 823 
1 977 
1 1002 
1 1111 
1 1133 
1 1222 
1 1256 
1 1344 
1 1392 
1 1419 
1 1524 
1 1535 
1 1566 
1 1596 
1 1684 
1 1710 
1 1731 
1 1778 
1 1796 
1 1818 
1 1881 
1 1935 
1 1962 
1 1999 
1 2012 
1 2042 
1 2111 
1 2139 
1 2154 
1 2188 
1 2226 
1 2255 
1 2283 
1 2364 
1 2390 
1 2402 
1 2540 
1 2603 
1 2702 
1 2722 
1 2787 
1 2832 
1 2853 
1 2878 
1 2927 
1 2975 
1 3041 
1 3109 
1 3317 
1 3406 
1 3433 
1 3456 
1 3515 
1 3572 
1 3596 
1 3609 
1 3671 
1 3719 
1 3730 
1 3768 
1 3825 
1 3851 
1 3875 
1 3919 
1 4019 
1 4041 
1 4105 
1 4134 
1 4182 
1 4236 
1 4279 
1 4413 
1 4435 
1 4590 
1 4675 
1 4712 
1 4728 
1 4772 
1 4847 
1 4906 
1 4937 
1 4955 
1 4982 
1 5032 
1 5078 
1 5108 
1 5130 
1 5157 
1 5203 
1 5278 
1 5296 
1 5428 
1 5486 
1 5523 
1 5578 
1 5637 
1 5842 
1 5870 
1 5939 
1 5983 
1 6015 
1 6050 
1 6091 
1 6102 
1 6175 
1 6216 
1 6253 
1 6368 
1 6430 
1 6494 
1 6518 
1 6546 
1 6618 
1 6764 
1 6797 
1 6846 
1 6883 
1 6923 
1 6993 
1 7010 
1 7063 
1 7079 
1 7113 
1 7122 
1 7166 
1 7189 
1 7256 
1 7307 
1 7331 
1 7344 
1 7405 
1 7450 
1 7481 
1 7541 
1 7569 
1 7609 
1 7620 
1 7635 
1 7702 
1 7742 
1 7803 
1 7904 
1 7985 
1 8017 
1 8080 
1 8093 
1 8141 
1 8154 
1 8222 
1 8225 
1 8289 
1 8322 
1 8389 
1 8419 
1 8454 
1 8462 
1 8526 
1 8571 
1 8721 
1 8795 
1 8849 
1 8888 
1 8916 
1 8938 
1 8958 
1 9033 
1 9067 
1 9089 
1 9125 
1 9154 
1 9169 
1 9197 
1 9245 
1 9292 
1 9346 
1 9371 
1 9449 
1 9493 
1 9506 
1 9543 
1 9587 
1 9606 
1 9653 
1 9681 
1 9686 
1 9723 
1 9728 
1 9729 
1 9778 
1 9853 
1 9895 
1 9953 
1 9988 
1 10041 
1 10089 
1 10119 
1 10147 
1 10175 
1 10207 
1 10278 
1 10296 
1 10321 
1 10347 
1 10375 
1 10439 
1 10455 
1 10517 
1 10558 
1 10573 
1 10622 
1 10650 
1 10708 
1 10782 
1 10829 
1 10875 
1 10899 
1 10917 
1 10947 
1 10986 
1 11013 
1 11096 
1 11098 
1 11119 
1 11135 
1 11179 
1 11201 
1 11227 
1 11254 
1 11268 
1 11289 
1 11319 
1 11346 
1 11403 
1 11460 
1 11501 
1 11564 
1 11612 
1 11629 
1 11647 
1 11675 
1 11719 
1 11749 
1 11800 
1 11843 
1 11869 
1 11945 
1 11977 
1 11990 
1 12007 
1 12030 
1 12089 
1 12146 
1 12244 
1 12262 
1 12337 
1 12371 
1 12399 
1 12453 
1 12500 
1 12569 
1 12573 
1 12595 
1 12626 
