1 4 9625 9651 9618 9645 
1 5 9645 9626 9619 11631 11637 
1 2 11626 11631 
1 4 11626 11640 11622 11629 
1 5 363 365 7282 4261 4259 
1 5 4259 4257 4266 7281 7277 
1 5 363 8189 8224 8210 3449 
1 5 3449 3442 3446 3438 3441 
1 4 3438 3447 5828 8757 
1 11 8757 8755 8758 9020 9027 9033 9015 9014 7097 7098 7277 
1 8 9033 9021 9017 9022 9031 1467 1472 1465 
1 4 1472 1469 8347 8350 
1 3 5004 5011 8148 
1 6 8148 8150 8145 8348 8351 8350 
1 9 5004 5008 5005 7115 7103 7111 7099 7109 7113 
1 6 7113 1914 1917 1927 1942 1935 
1 17 1935 1934 118 134 108 129 102 132 125 100 136 120 121 2351 2328 2354 123 
1 4 2354 2363 2326 2349 
1 5 2193 2191 2195 4715 4728 
1 3 4715 4727 4913 
1 5 4913 4914 4916 4915 5677 
1 4 5677 2903 2898 5478 
1 8 2898 2897 2905 2901 2902 6447 6442 6446 
1 5 2905 5675 5672 6175 2797 
1 6 6446 2800 2795 2794 4416 4413 
1 3 2797 2793 2800 
1 8 4413 4421 4407 4405 2835 2821 2818 2832 
1 10 2832 2828 2822 2823 2829 628 631 626 623 640 
1 4 640 627 8196 8022 
1 6 8196 8222 8195 8187 8199 8210 
1 6 4728 4724 4718 4723 4758 4760 
1 5 4760 4757 4929 4923 4927 
1 4 4927 4928 1458 1461 
1 7 4927 5430 5424 5431 5436 5427 5768 
1 6 5436 5422 5423 2043 2052 5676 
1 3 5676 5680 5677 
1 7 5768 5763 6167 6171 6169 6164 2797 
1 4 5763 6353 6355 6360 
1 2 6167 6353 
1 3 6360 6357 2869 
1 3 2869 2873 6653 
1 6 2873 6473 6467 6472 6172 6164 
1 7 2794 4414 4411 4424 4404 6654 6653 
1 4 4424 4420 4408 4416 
1 3 6653 6657 6675 
3 27 6675 6680 6672 6676 3024 3016 4805 4818 4809 4820 7078 7064 6701 6700 4578 4574 6782 6781 898 907 901 899 7100 7101 7121 7119 7109 
1 6 2365 2340 2335 101 128 125 
1 7 2365 2353 2331 2346 2366 6095 6096 
1 5 2346 2327 6079 6094 6085 
1 3 6085 6310 6313 
1 7 6313 6307 6303 6099 6098 6090 6096 
1 8 6307 6466 6463 6460 6461 4575 4582 4578 
1 8 6090 6624 6619 6622 6633 6618 6785 6781 
1 9 6619 6611 6625 6615 1930 1923 1910 1931 1927 
1 4 1942 1913 1938 1917 
1 7 1923 1919 1943 1939 119 107 108 
1 5 101 105 113 133 107 
1 6 2349 2330 2360 2329 5199 5205 
1 3 2329 2367 2338 
1 6 2338 2350 5209 5193 5198 5196 
1 11 5196 5234 5226 5235 5229 5227 5228 2334 6089 6101 6085 
2 14 3016 3015 3026 3020 6023 6006 6026 6012 6008 2848 2863 2843 2853 2854 
1 4 3018 3025 3019 3026 
1 4 4818 4808 2590 2601 
1 12 4420 4406 3902 3916 3901 7136 7140 7138 7132 7135 7627 7620 
1 8 2821 2824 2819 3909 3903 3919 3911 3902 
1 5 2819 2830 2826 2827 628 
1 5 628 624 638 622 5629 
1 7 5629 5623 5639 3905 3898 3913 7136 
1 8 7620 5626 5641 5627 5634 8191 8211 8199 
1 13 5627 8200 8206 8208 7955 7965 7961 8345 8344 8427 8419 8756 8757 
1 5 3447 5829 5827 5830 8419 
1 3 1469 1474 1473 
1 5 1473 1478 8266 8267 8145 
1 8 907 903 905 7110 5007 5009 5002 5004 
1 12 6700 6696 159 147 158 150 6606 6608 6604 8268 8265 8267 
1 10 159 713 714 7571 7564 8010 8017 8019 8011 8268 
1 6 8019 8009 8015 7958 7966 7961 
1 12 7966 7956 7962 7561 7565 7560 7570 7071 7070 7065 7073 7064 
1 3 7140 7123 7129 
1 4 4516 4511 4506 4515 
1 9 4515 3318 3663 3674 3665 3670 3672 3664 3671 
1 2 3664 2610 
1 6 4515 3694 3686 2882 2885 3315 
1 4 2885 2895 2891 2896 
1 8 3315 2720 2736 2722 2721 1987 2002 1976 
1 5 2721 2729 2733 2565 2572 
1 2 2565 2570 
1 3 2570 3322 3313 
1 4 2372 170 168 1699 
1 5 1699 1701 1711 1698 1710 
1 5 1710 1579 1586 1593 1584 
1 4 1584 1989 2001 1976 
1 4 3322 3323 3330 2610 
1 6 2896 2881 2892 1403 1394 4600 
1 5 4600 4595 659 651 653 
1 3 651 5075 5069 
1 6 653 645 647 602 599 4388 
1 2 4388 5151 
1 7 599 4393 4390 4395 4701 3771 3768 
1 5 3768 3767 3764 3773 3563 
1 4 3563 3555 3553 4276 
1 3 4276 4288 4270 
1 4 4388 4710 5152 5229 
1 4 4270 4282 4301 5205 
1 6 5075 4601 4592 2852 2849 2853 
1 2 4506 4760 
1 4 1584 1581 1587 1596 
1 5 1596 1578 1592 1594 1999 
1 5 1999 1985 1996 2376 2390 
1 5 2390 2400 2384 2391 1077 
1 16 1077 1087 1081 1084 1078 1088 2379 2378 2389 1960 1973 1947 1949 1944 1966 1962 
1 11 1962 1156 1158 1186 1180 1175 1183 1173 1162 1151 1187 
1 5 1183 1159 1152 1170 1155 
1 9 1962 1952 1945 1954 1972 2219 2228 2215 2226 
1 3 2226 2216 2239 
1 3 2239 2245 1796 
1 9 1796 1785 1793 1798 1380 1371 1376 1373 1375 
1 3 1373 326 322 
1 5 322 327 320 1328 1327 
1 3 1327 1413 1412 
1 2 1412 1488 
1 8 1488 1492 1483 1892 1876 1884 1890 1881 
1 4 1881 2557 2541 2540 
1 4 2540 729 731 730 
1 3 730 2645 2648 
1 6 2648 2650 2450 2449 2452 2454 
1 5 2452 2459 3052 3049 3041 
1 5 3041 3044 3040 3053 3268 
1 8 3052 3047 2808 2803 2801 2809 2804 2810 
1 11 3268 3843 3851 3839 3847 3842 3837 3855 3840 3838 682 
1 13 3838 2543 666 684 664 681 4059 4063 4056 4064 4053 4058 1610 
1 5 1610 1613 1618 3953 3955 
1 7 1618 3967 3970 3944 3971 3956 2349 
1 3 3970 3947 3973 
1 3 3973 3963 3951 
1 3 3951 3964 3559 
1 4 3559 3571 3569 4276 
1 4 2376 2381 2029 2031 
1 5 2031 2015 2004 2022 2028 
1 3 2028 2037 2007 
1 3 2377 2013 2028 
1 7 2028 2025 2021 2779 2784 2786 2791 
1 3 2791 2782 1093 
1 6 1093 1110 1091 1114 3568 3555 
1 9 2791 2765 1964 1953 1967 1946 1965 1957 1972 
1 5 2226 2229 2222 2214 2963 
1 4 2963 2958 2956 1622 
1 5 1622 1612 1625 3948 3973 
1 11 2956 2955 2967 2977 2962 2991 2981 2980 2988 4062 4053 
1 3 1610 1615 1623 
1 18 2222 2231 2221 2243 2237 2238 2236 2240 2587 2581 2586 2576 2579 671 677 669 678 684 
1 12 1796 1801 1802 1792 1797 1732 1721 1714 1726 1486 1491 1483 
1 6 1486 1489 1484 325 321 327 
1 9 731 728 2654 2643 2647 3045 3057 3056 3041 
1 4 2643 3261 3257 3851 
1 3 3847 3267 3263 
1 2 2557 2544 
1 6 678 679 668 683 3547 3477 
1 4 668 3546 4054 4056 
1 5 4033 4020 600 661 645 
1 5 5464 5463 5462 6693 6694 
1 5 4143 4148 4136 4149 4140 
1 7 4148 4153 4158 4144 4169 4174 4166 
1 7 4166 4173 4164 4163 4180 4803 4792 
1 6 4792 4804 4791 4799 4790 5364 
1 5 5364 5362 5363 5360 5688 
1 9 5688 5685 5689 5686 5691 5695 6433 6421 6430 
1 7 6430 3735 3745 3733 3746 3730 7344 
1 7 7344 7509 7513 7512 6181 6182 6185 
1 8 6185 6184 7488 7479 7497 7480 7534 7541 
1 7 7541 7538 7536 7540 7543 7597 7609 
1 4 7609 7594 8049 8086 
1 6 8086 8044 8047 8042 5276 3470 
1 8 3470 3468 3472 3471 8500 8499 8498 8497 
1 3 8497 8995 1211 
1 4 8995 8912 8931 8916 
1 7 1211 7375 7385 7379 7374 7373 7388 
1 7 7375 7372 7390 7387 7381 7394 7379 
1 9 4169 4159 4167 4161 4171 4827 4823 4825 4830 
1 6 4830 4824 5052 2213 2198 2207 
1 8 2207 2203 6261 6269 6256 6258 6257 6253 
1 3 6253 6040 6050 
1 5 6050 6052 6046 5885 3729 
1 4 5885 5877 5869 5873 
1 12 5873 5896 5884 4948 4933 4951 4936 4931 4935 4946 4953 4937 
1 4 4937 4978 4982 345 
1 5 345 332 333 350 337 
1 8 4799 4794 4797 5223 5050 5043 5048 4825 
1 9 5363 5218 5217 5220 5047 5045 5046 5055 5052 
1 9 5360 5216 5221 5398 2205 2212 2201 2211 2203 
1 6 5398 5402 5404 895 882 5689 
1 10 882 885 6423 6440 6424 6427 3743 3750 3752 3733 
1 3 3750 3760 3735 
1 6 5695 5687 5690 5684 5692 5685 
1 7 5869 5864 6038 6047 6041 6034 6033 
1 3 6033 6587 6598 
1 4 6598 6262 6255 6271 
1 3 6271 6252 6269 
1 7 6598 6589 6592 5814 5817 6724 6720 
1 6 6720 6728 6731 3755 7352 7344 
1 5 5814 5815 5813 7249 7259 
1 6 7259 7239 7261 7244 5818 5815 
1 20 7259 7246 6956 6947 6946 6951 6955 1265 1270 6643 6639 6376 6366 6384 6362 6374 4938 4949 4943 4931 
1 6 5884 5894 6368 6378 6383 6362 
1 2 4936 4954 
1 6 332 347 4980 4974 4988 4953 
1 6 4974 4977 4985 4975 5001 6241 
1 7 6237 6236 335 354 334 357 337 
1 6 6241 6213 6233 6243 6216 6237 
1 5 6237 6221 6230 5936 5909 
1 6 6233 6220 6232 6226 6367 6362 
1 5 6033 6039 6586 6588 6592 
1 4 1034 1022 1042 1027 
1 2 4915 2044 
1 6 2544 2551 2546 2538 670 678 
1 4 7379 7380 7368 8919 
1 3 8919 8910 8920 
1 4 8920 8913 9492 9474 
1 2 9474 9485 
1 3 9485 9476 850 
1 5 850 853 4383 4378 4380 
1 6 4380 4377 6748 6754 6762 6749 
1 3 6749 2404 2419 
1 7 2419 2412 2416 4573 4568 8561 8574 
1 7 8574 8564 4562 4572 4564 4571 4563 
1 3 4564 9176 9172 
1 4 9172 9300 9302 9303 
1 4 9302 9299 8833 8851 
1 3 8833 8831 8844 
1 8 8564 8572 8559 7302 7312 7296 7309 7295 
1 3 3472 3469 8657 
1 4 8657 8666 8662 8941 
1 3 8941 8948 8933 
1 4 8941 8940 8935 9110 
1 3 9110 9104 8925 
1 5 8995 8994 8997 9108 9110 
1 7 9110 9103 9120 9131 9118 9125 9340 
1 5 9340 9346 9481 9482 9474 
1 3 9340 9332 9343 
1 3 9343 9330 6761 
1 4 6761 6750 2405 2419 
1 4 8047 8043 8053 5266 
1 3 5266 5256 5279 
1 3 5266 5268 7595 
1 4 7595 7603 3522 3514 
1 2 7609 7592 
1 5 7540 7549 8083 8069 8062 
1 6 7509 7650 7656 7885 7888 7878 
1 9 7509 7654 7651 7657 7887 7849 7855 7850 5776 
1 6 5776 5775 8264 8253 8255 8329 
1 4 5776 5780 6001 6000 
1 4 5775 7852 7848 8407 
1 6 8255 8258 8262 8257 8180 8176 
1 4 8257 8894 8888 8893 
1 8 6182 7484 7505 7474 7506 7499 7483 8109 
1 7 7888 7890 8106 8103 8098 8100 8109 
1 4 8109 8099 8287 8297 
1 5 8297 8296 8289 8293 5014 
1 4 7603 7599 3517 3518 
1 5 8831 8847 4496 4504 4495 
1 3 7296 5518 5510 
1 8 8176 8179 8177 8877 8880 8694 8697 8701 
1 5 7309 7304 2669 2670 2658 
1 5 8880 8885 8883 8882 8879 
1 8 8883 8887 5089 5078 5096 5083 191 186 
1 4 5083 178 184 181 
1 5 8574 8563 8570 9507 9510 
1 5 6720 6721 6730 7340 7354 
1 3 7340 7343 5774 
1 3 5774 7853 7849 
1 6 6000 7339 7252 7238 7242 7261 
1 3 850 854 851 
1 3 6376 6645 6744 
1 5 6230 6227 6238 4551 4558 
1 3 4558 4554 6768 
1 4 6744 6737 6745 6738 
1 3 6738 7328 7317 
1 4 6768 6769 6740 6738 
1 3 7317 7333 7324 
1 3 7324 7863 7866 
1 3 7361 7363 7863 
1 4 7361 7358 7364 6276 
1 4 7364 6277 7796 7788 
1 3 7358 7365 7861 
1 3 7861 7792 8127 
1 3 7861 7865 1011 
1 4 7866 7858 1812 1819 
1 4 1819 1807 1823 1810 
1 4 1807 1805 7286 7290 
1 7 7788 7791 7789 8142 8132 8141 8122 
1 7 8127 8137 8125 1018 8440 8434 8443 
1 4 8435 8444 8431 8440 
1 5 8435 8450 8446 9010 9000 
1 3 9000 9004 5111 
1 7 5111 5097 5106 5104 2291 2283 2279 
1 5 2279 2282 2297 2294 2463 
1 3 2463 2469 3708 
1 3 2294 2300 3709 
3 3 2282 2293 2288 
1 6 1823 1824 1001 1007 1015 8434 
1 5 7317 7325 7323 2631 7925 
1 2 7925 7896 
1 4 2631 2634 2629 2625 
1 10 4558 4559 4552 6836 6845 6827 6812 6849 6822 6844 
1 3 6849 6816 6848 
1 4 6848 6821 7683 7716 
1 4 6844 6832 6818 6834 
1 3 6818 7666 7686 
3 5 7716 7661 7700 7664 7682 
3 4 7682 7894 7895 8244 
3 4 8244 8236 8237 8243 
1 4 8237 8240 8241 7285 
3 6 8243 8232 6500 6513 2295 2288 
1 3 7285 7289 7290 
2 5 7664 7724 7723 7689 5970 
2 4 5970 5968 3597 3585 
2 2 3585 3591 
1 6 3591 3578 3598 8806 8789 8783 
1 4 8783 8790 8797 7951 
1 4 7951 7942 7941 7953 
1 4 7953 7952 9700 9699 
1 5 7953 7947 7939 9201 9192 
1 5 9192 9189 4907 4893 4910 
1 5 7941 7944 9353 9352 9357 
1 3 2469 2474 2466 
1 5 2466 2465 4900 4904 9926 
1 3 9926 9850 9848 
1 4 9926 9933 9927 9921 
1 4 9921 4901 6939 6942 
1 4 6942 6934 6945 6923 
1 3 4893 4908 4901 
1 4 9700 9686 9688 9690 
1 3 9690 9689 9597 
1 3 9597 9836 9845 
1 4 9845 9835 6395 6394 
1 4 9845 9834 9841 9771 
2 8 3591 3584 3596 3589 2114 2103 2118 2110 
1 4 2103 2106 2078 2115 
2 4 2110 2096 9285 8023 
1 3 8023 8024 8040 
1 3 8040 8027 9275 
1 4 9285 9273 9283 9270 
1 3 9285 9274 9265 
1 4 9265 9566 9546 9549 
1 7 9546 9550 9547 9551 9532 9555 9557 
1 3 9555 9544 9774 
1 3 9557 10142 10132 
1 5 10142 10137 10130 10128 10138 
1 5 10137 10129 2921 2912 10737 
1 5 9774 9755 9786 2919 2909 
1 2 2912 2908 
1 3 10138 10154 10733 
1 6 9551 9540 249 240 251 236 
1 6 236 237 241 4836 4855 4844 
1 5 236 234 5667 5666 5664 
1 4 5664 5662 9460 9450 
1 4 9460 9444 9459 1634 
1 4 1634 1639 1631 1638 
1 4 1638 1635 9319 9328 
1 6 8040 8032 8029 8038 8028 3149 
1 3 3149 8749 8745 
1 2 8749 8752 
1 2 8752 8744 
1 4 5970 5967 5966 5977 
1 4 3597 5976 5995 5973 
1 5 5995 5994 5999 5964 7734 
1 3 6947 6949 6276 
1 4 5909 6824 6828 6812 
1 4 9597 9687 6919 6391 
1 5 4143 4155 4137 2807 2801 
1 4 337 344 5245 5250 
1 6 5250 5252 4773 4778 4761 4772 
1 3 4772 4783 3681 
1 6 3681 3680 3678 3490 3497 3491 
1 4 3681 3682 3679 3678 
1 3 3491 3494 3200 
1 4 3200 2817 2424 1213 
1 6 3491 3498 3433 3425 1214 1213 
1 3 1213 2423 2422 
1 8 2423 1215 1216 2706 2707 2712 2719 2714 
1 8 2422 2425 2160 2159 2157 2165 2161 2171 
1 5 2171 774 748 792 779 
1 6 779 789 762 1439 1437 1436 
1 4 1436 1445 927 932 
1 5 1445 1432 1435 1349 1344 
1 8 1344 1335 1350 1347 1330 1536 1543 1535 
1 6 1535 1538 1669 1661 1682 1684 
1 10 1684 1658 1659 1691 1674 1671 1666 1657 3196 3198 
1 4 3198 3193 3724 3725 
3 2 3725 3938 
3 3 3938 3931 441 
3 2 441 3698 
3 7 3698 436 442 437 4336 4357 4322 
3 6 4322 3308 3292 3307 3294 3305 
3 11 3305 3302 3992 3983 4009 3978 3994 4010 4003 3979 4000 
3 5 3994 3998 4002 1850 1842 
1 3 3193 3195 3192 
3 6 3192 2521 2511 2510 2512 2518 
3 2 3931 3928 
3 5 2518 3923 3937 3942 3928 
3 3 3928 439 442 
3 3 3923 3936 4316 
3 4 4316 4318 4328 4357 
3 6 4318 4333 4339 4374 4372 4334 
3 4 4638 4310 4323 4334 
3 8 4638 4648 4637 4651 4644 5953 5950 5956 
3 22 2511 2515 2509 2516 865 871 4732 5466 5471 5476 5467 5811 5791 5795 5806 5797 5805 5792 5804 6562 5170 5178 
1 3 5805 5789 6560 
1 3 5789 6578 6579 
1 3 5466 5468 859 
1 5 859 860 6068 6059 1324 
1 6 5468 6061 6066 6056 6064 1304 
1 8 5466 5470 4754 4749 1208 1206 5376 5390 
1 4 5476 5472 5377 5390 
1 4 5795 5799 5378 5392 
1 5 5797 5807 5802 5604 5540 
1 6 5795 5794 5380 5544 5584 5561 
1 5 5178 5172 5175 6536 6534 
1 4 6536 5548 5587 5555 
1 8 3198 2925 2938 2942 2946 2953 3227 3217 
1 4 1666 1681 1692 1647 
1 5 1347 1362 1352 1530 1537 
1 4 1530 1551 1333 1336 
1 3 1349 1342 1358 
1 2 1436 1433 
1 2 1439 1443 
1 4 748 760 800 758 
1 11 3425 3417 3431 3435 3422 3432 3426 3602 3627 3649 3628 
1 4 2714 2711 3625 3179 
1 5 2714 2717 2705 3181 3175 
1 3 3175 3169 3168 
1 5 3217 3224 3006 2994 3008 
1 4 3179 3158 3161 3000 
1 6 3649 3601 3607 3626 4214 4245 
1 3 3008 3001 4250 
1 3 3000 3009 4463 
1 3 3009 2996 4256 
1 3 3607 3622 4232 
1 4 3435 3428 4200 4205 
1 4 4205 4207 4187 4210 
1 5 4210 4198 4779 4763 4770 
1 4 4761 4769 4765 4770 
1 3 4779 4771 1287 
1 4 4198 4206 4195 4867 
3 12 5250 5243 5246 1295 1284 1285 1059 1055 1058 6187 6190 6186 
1 3 1058 1056 1053 
1 2 6190 6188 
1 2 6190 6194 
1 2 6186 4613 
1 3 4613 4608 4611 
1 8 6186 4616 4609 4621 4614 6299 6288 6545 
1 3 6545 6539 6549 
1 3 6545 6555 6535 
1 7 6539 6552 5183 5191 5159 7462 7466 
1 4 7466 7451 7470 7460 
1 6 1053 3349 3409 3343 3360 3403 
1 6 4611 4617 3369 3352 3356 3389 
1 5 3978 3985 1852 1860 1841 
1 4 3978 3991 3980 3996 
1 2 3292 3306 
3 7 871 858 869 857 4641 4650 4644 
1 3 4621 6293 6289 
1 3 1055 5290 5295 
1 4 4195 4874 4865 4884 
3 6 2512 2507 2525 4652 4640 4650 
1 4 186 9512 9515 9510 
1 4 9162 9156 9169 9168 
1 3 9168 9163 9248 
1 3 9248 8717 8728 
1 4 9248 9238 9236 9252 
1 4 9252 9230 9250 9227 
1 5 9250 9244 2140 2125 2128 
2 8 8717 8713 8720 9410 9363 9365 9367 9386 
2 5 9367 9418 9379 9427 9391 
3 3 9386 9394 9370 
1 3 2128 2126 2137 
1 5 2137 2138 9913 9914 9916 
1 5 9916 9917 9710 9712 9723 
1 3 9723 9716 9719 
2 9 9719 9703 9430 9384 9390 9416 9409 9378 9391 
3 7 9386 9419 9388 2272 2286 2296 2282 
1 4 2137 9678 9672 9681 
1 3 7460 7969 7970 
1 2 7970 8000 
1 4 8000 7973 479 499 
1 9 499 478 493 497 482 8767 8828 8822 8818 
1 4 493 481 470 506 
1 3 482 8769 8773 
1 5 499 505 472 486 483 
1 3 486 471 1782 
1 3 1782 484 1751 
1 3 1751 6108 6141 
1 2 6141 6112 
1 8 8000 7992 7189 7211 7185 7212 7201 7190 
1 4 7190 7188 7186 7200 
1 2 7200 4689 
1 2 4689 4688 
1 4 4688 4686 4692 5315 
1 6 5315 5331 5333 5335 5318 5344 
1 4 5335 5339 5324 453 
1 5 5344 5319 2500 2504 2476 
1 6 5344 5321 2490 7438 7434 7419 
1 4 7419 7437 7427 7445 
1 6 7419 7430 7439 7435 2494 7060 
1 4 7060 7039 7043 3811 
1 7 2476 2485 2501 2481 2502 2495 2505 
1 5 2481 2499 445 443 466 
1 5 445 446 302 7037 7023 
1 8 5717 5701 5724 5754 5753 6419 6416 302 
1 5 5619 5617 5615 5618 5645 
1 4 5619 5649 5648 5653 
1 4 5653 5705 5721 5716 
1 6 5716 5744 5713 6911 6872 6883 
1 5 6883 6895 6866 6896 413 
1 4 413 415 7780 7775 
1 8 7775 7778 7783 7782 419 406 412 8478 
1 10 8478 8486 8492 8495 8496 7527 7523 7524 5506 5495 
1 2 8496 8484 
1 2 8486 8481 
1 6 5645 5643 5651 4340 4364 4323 
1 6 453 6582 6569 1317 1302 1304 
1 4 4692 6567 6570 6560 
1 3 5178 5187 7190 
1 4 6866 6870 6899 6879 
1 2 413 410 
1 4 8481 8487 6339 6327 
1 3 8773 8770 8774 
1 4 1638 7835 7803 7809 
1 8 6112 6132 6105 6135 6124 7813 7820 8692 
1 7 6124 8686 8677 3809 3808 3816 3836 
1 4 8692 8679 8690 8680 
1 4 8680 8687 8860 8861 
1 4 8861 8869 8863 8581 
1 4 8581 8579 8576 5494 
1 3 5494 5485 5495 
1 2 5705 5696 
1 3 413 7779 7772 
1 2 7527 1369 
1 3 1369 9208 5531 
1 8 5531 5532 5528 5534 5527 2437 2427 2443 
1 7 2443 2434 2433 2440 7160 7164 7161 
1 8 7161 9874 9900 9886 9878 9896 9877 9895 
1 6 9895 9873 10211 10210 10199 10207 
1 7 10207 10201 10214 10209 3539 3537 3544 
1 6 3544 10809 10805 10810 10811 10804 
1 4 10811 10803 1067 1065 
1 8 4534 4518 4521 4531 4517 4520 4524 4537 
1 2 7160 7156 
1 2 7164 9884 
1 2 2433 2432 
1 3 9886 9872 9899 
1 3 1369 9210 9207 
1 4 5528 5538 5530 5533 
1 4 10209 10221 10227 10224 
1 4 10805 3534 3545 3533 
1 2 10810 10802 
1 2 10811 10801 
1 3 10801 3543 3536 
1 7 10801 10807 8992 8968 8987 8960 8961 
1 7 8961 8990 10466 10509 10475 10511 10527 
1 7 10527 10485 10503 10465 10982 10974 10972 
1 4 10972 10969 10984 10973 
1 8 10973 10978 10976 10983 10683 10685 10688 10687 
1 2 10687 10691 
1 2 10687 7758 
1 3 7758 7761 7768 
1 3 7768 8743 8739 
1 3 8743 8740 839 
1 2 839 831 
1 4 831 830 840 9826 
1 2 9826 9820 
1 4 9826 281 277 286 
1 6 281 282 284 289 9071 9045 
1 4 9071 9043 9058 9069 
1 4 9069 9060 3280 3273 
1 4 3280 3277 9799 9791 
1 4 9069 9063 9057 608 
1 3 608 619 610 
1 2 610 516 
1 5 9210 2748 2762 2747 2763 
1 3 2747 3873 3882 
1 4 2763 2749 2759 7225 
1 5 7225 7234 7232 7226 7224 
1 3 7224 7221 7220 
1 3 10224 5450 9955 
1 3 10224 5445 5451 
1 3 3273 3284 3270 
1 4 8961 8954 8959 8970 
1 5 7761 7755 10518 10530 10522 
1 4 839 834 838 833 
1 5 834 824 821 842 7005 
1 4 3284 3283 5447 5451 
1 5 7005 7008 8964 8980 8970 
1 7 10974 10981 10517 10508 10467 10534 10522 
1 3 9791 9794 9807 
1 6 9807 9802 9800 9796 3872 3878 
1 3 9796 9957 9973 
1 5 9973 9964 3881 3870 9893 
1 3 9957 9959 9955 
1 4 9893 9881 9887 9899 
1 3 9887 9883 2432 
1 3 9207 9209 5530 
1 5 3882 3869 3875 3861 5533 
1 5 3882 3860 3876 3866 3872 
1 6 516 512 524 522 510 2749 
1 7 3270 3285 8977 8955 8986 8966 8970 
1 7 8980 10473 10516 10524 10502 10471 10522 
1 3 10211 10204 10206 
1 4 8728 8735 8731 9000 
1 3 9156 9159 8893 
1 4 9162 9157 8898 8879 
1 7 2140 2125 2133 9676 9680 189 181 
1 4 466 309 308 314 
1 2 314 303 
1 3 6419 6414 6410 
1 5 6410 6418 313 301 466 
1 2 7780 7787 
1 4 6112 7802 7832 7811 
1 4 7820 7799 7824 7809 
1 4 10804 10812 10964 11013 
1 5 11013 11026 11023 11012 47 
1 7 11420 2267 2255 2264 42 61 47 
1 8 11420 11423 11419 11053 11045 11048 11049 11057 
1 6 11057 11060 4964 4956 4963 4955 
1 5 4955 4961 11587 11589 11588 
1 4 11588 11585 8374 8389 
1 6 8389 8375 8356 8370 8380 11227 
1 3 11227 12164 12146 
1 10 12146 12173 12174 12160 12158 12157 12159 12156 12238 12302 
1 6 12343 12344 12305 12299 12306 12302 
1 4 12343 12348 12346 11602 
1 3 11602 5239 5241 
1 3 5241 12370 12371 
1 9 12371 12377 12364 12381 12363 12380 12541 12532 12535 
1 3 12535 12463 12475 
1 3 12475 12468 12461 
1 3 12475 12483 12473 
1 4 12535 12533 12529 3700 
1 3 3700 3699 4473 
1 7 4473 4479 4472 4478 4471 11358 11346 
1 4 11346 7587 7580 7583 
1 4 7583 7578 7584 3032 
1 6 3032 3033 3029 3030 4448 4435 
1 5 4435 4444 4438 1128 1133 
1 11 1133 1140 1126 1146 1121 1136 12619 12611 12625 12613 12626 
1 14 12626 12616 12614 12608 11656 11653 11647 12494 12508 12490 12496 12513 12493 12500 
1 7 12500 12497 12514 12486 9859 9864 9853 
1 7 9853 9855 9857 9863 9854 9858 3143 
1 5 3143 11736 11719 10309 10296 
1 12 10296 10298 10305 10292 10294 10297 10304 10293 11709 11694 11675 11530 
1 6 11530 11528 11529 12049 12045 8669 
1 5 8669 12182 12190 12186 12184 
1 6 12182 12189 12181 9499 9504 9497 
1 5 9497 9502 9500 9503 4105 
1 2 9497 4110 
1 5 4105 12272 12260 12248 12251 
1 6 12251 12267 12261 12274 12257 12265 
1 4 12265 12262 24 12227 
1 5 12227 11869 11855 11883 11866 
1 3 24 25 6450 
1 11 6450 11865 11859 11854 11866 11858 3462 3453 3461 3458 3456 
1 7 3456 2622 2623 5854 5845 5850 5842 
1 10 5842 5856 5833 5858 12091 12074 12098 12077 12083 12099 
1 6 12099 12089 12071 12081 12128 12072 
1 5 12128 12126 12129 12130 12132 
1 9 12132 12131 8601 8624 8617 8613 8611 4042 4045 
1 5 4045 4050 4043 4041 12057 
1 8 12057 12054 11798 11806 11802 11794 11785 11800 
1 4 11785 11796 8271 8270 
1 9 8270 8276 8269 8274 8273 8275 10905 10906 10899 
1 8 10899 10910 10895 10908 10452 10444 10443 10455 
1 7 10455 10445 10449 10453 10268 10273 10278 
1 3 10278 10276 1867 
1 2 9997 9996 
1 5 1867 1873 9983 9977 9988 
1 7 9988 9991 9979 9995 9990 9811 9813 
1 4 9813 9810 83 2674 
1 3 2674 2677 9654 
3 52 8270 8271 11242 11134 11147 11139 7094 7079 7096 5129 5134 5137 5125 5135 11160 11156 11153 11307 11305 11302 264 272 268 4585 4584 4587 11317 11328 11314 11324 11321 11105 11112 11100 11109 11102 11106 11097 11099 11114 7553 7554 7555 11043 10826 6206 6202 6203 11183 11167 11164 11175 
3 81 11183 11165 11403 11400 11412 11393 11383 11382 735 744 736 739 11513 11511 10862 10861 11891 11896 11537 11534 11541 2307 11566 11581 11557 11580 11554 11562 7174 7172 7179 11292 11286 11283 11300 11482 11489 11480 11481 11191 11200 11196 10543 10536 1495 1518 1497 1515 1504 11085 1505 11460 11455 11459 11451 5612 11370 9941 9948 9938 6494 6486 6478 6491 6476 6477 6493 11429 11362 11369 11365 4630 4635 11250 11260 11251 11262 11253 50 59 47 
1 11 11369 11364 11038 11035 11031 11032 11029 8183 8185 8182 10964 
1 5 4635 11257 11252 11258 4086 
1 5 4086 4091 44 51 54 
1 3 54 58 2256 
1 3 2256 2258 2264 
1 3 2256 2254 2263 
1 4 2263 2253 11418 11414 
1 5 11414 11425 11416 8364 8383 
1 3 8383 8376 8378 
1 3 11048 11058 4964 
1 2 11423 11414 
1 3 8378 8377 8356 
1 12 2263 2252 2268 2257 11202 11217 11222 11203 11204 12167 12172 12160 
1 14 51 46 55 4093 11953 11938 11942 11945 11936 12237 12247 12242 12233 12238 
1 17 4086 11667 11669 11150 10848 10849 12068 12064 12067 12138 12134 12136 12234 12239 12301 12300 12305 
1 5 12301 952 12345 12347 11602 
1 8 5239 5236 5242 11599 951 947 953 12234 
1 10 5236 12365 12369 12376 12362 12384 12360 12379 12392 12403 
1 3 12392 12393 12522 
1 2 12362 12387 
1 4 12387 12358 7935 7936 
1 4 12387 12385 12307 12312 
1 3 12312 6692 6687 
1 3 4472 12521 12528 
1 2 12532 12542 
1 6 3029 3031 7585 7577 7586 7583 
1 2 7577 12587 
1 2 3031 4441 
1 2 4435 4431 
1 3 11545 11546 11549 
1 8 12613 12609 12620 1119 1148 1131 1147 1126 
1 8 12620 11496 11505 11491 4439 4440 4437 4441 
1 3 11491 11507 11490 
1 4 11490 11508 12602 12591 
1 5 12591 12589 11334 11343 11349 
1 5 11349 11342 11357 11337 11344 
1 7 11344 11351 11332 11354 4474 4476 4472 
1 2 1414 11344 
1 12 1414 12553 12566 12552 12554 12562 12557 12547 12578 12573 12585 11501 
1 6 12585 12579 12575 11648 12607 12613 
1 5 12607 12610 11662 11650 11653 
1 5 12490 12498 12489 12509 12486 
1 2 12497 12515 
1 3 12489 12492 12438 
1 4 12438 12439 12451 12441 
1 3 12451 12434 1238 
1 3 1238 1228 1227 
1 3 6494 6490 6484 
1 4 6484 10564 10553 10568 
1 4 10568 10560 10556 12041 
1 2 10551 10560 
1 3 12041 12027 7152 
1 4 12027 12043 12038 12029 
1 4 12029 12028 12042 12113 
1 7 12029 12044 12022 12219 12226 12218 6687 
1 3 12113 12109 12117 
1 3 12109 12108 3500 
1 2 3500 3508 
1 2 3500 3504 
1 2 3504 12064 
1 2 11599 5238 
1 10 6687 6685 12296 12291 12295 12297 3185 3190 3183 3191 
1 4 3183 3186 293 298 
1 8 1414 1417 10608 10616 10609 12398 12394 12403 
1 3 1417 10410 10413 
1 4 12552 1415 1423 1426 
1 3 1227 1224 11443 
1 7 12434 12443 12322 12317 12337 12328 12340 
1 4 12337 12336 12320 5417 
1 3 12320 5410 5420 
1 2 5410 12415 
1 3 12337 12319 12321 
1 4 9859 9861 6717 6707 
1 5 10298 10295 9738 9739 9745 
1 4 11455 11465 11450 4121 
1 4 4121 4131 4120 4115 
1 2 9938 9944 
1 4 11460 11456 11463 11457 
1 4 4115 4127 4119 10707 
1 5 4115 4124 10710 10720 6521 
1 3 4124 10711 10714 
1 5 11463 1507 1493 11966 11959 
1 4 1497 1517 11903 11898 
1 3 11200 11188 10540 
1 2 10543 10537 
1 8 11675 11692 11693 11677 11688 11683 7171 7172 
1 9 11286 11297 11289 11285 11707 11704 11705 11703 11709 
1 6 11704 10259 10250 10260 877 872 
1 3 11959 12014 12002 
1 3 12014 12003 11958 
1 2 12003 12004 
1 3 293 12282 12284 
1 6 5417 5407 12204 12198 12193 12196 
1 3 12193 12200 12281 
1 3 12281 12278 297 
1 4 10413 10411 10414 12417 
1 7 11958 11955 11964 6522 6525 3892 3893 
1 2 6525 6523 
1 3 10714 10709 3889 
1 5 7152 7155 7148 7151 4070 
1 3 7155 7141 4072 
1 9 10553 10558 9221 9216 9222 9215 11431 11433 11429 
1 6 11365 4631 4628 11665 11672 11669 
1 4 9222 9220 9213 11920 
1 3 11650 11661 11643 
1 4 9855 9862 3141 3139 
1 2 12189 8667 
1 5 9941 9946 9947 543 563 
1 6 5612 5607 5608 547 541 537 
1 6 11459 11082 11081 11076 11090 11084 
1 6 1504 1513 1506 1519 11089 11078 
1 22 9979 9982 10117 10112 10120 10116 19 7 3 5 11 4672 4661 4673 3488 3481 3483 6798 6792 6808 6797 11160 
1 5 10112 10119 10384 10383 10786 
1 3 10383 1075 1070 
1 4 3483 10887 10885 10888 
1 2 10116 10263 
1 4 3 10343 10333 10352 
1 4 5 12 4669 4671 
1 2 9983 10388 
1 3 10276 1871 1872 
1 5 1873 1870 1869 10698 10696 
1 6 10449 10461 10280 10275 2190 2182 
1 2 10280 10287 
1 3 10452 10458 10450 
1 2 10910 10898 
1 2 2182 2189 
1 2 2182 1562 
1 3 8269 11241 11240 
1 3 7096 7082 7087 
1 4 5129 5138 5131 10916 
1 4 5131 10927 372 370 
1 2 4041 4051 
1 5 8617 8609 8633 8610 8631 
1 4 12130 12127 11994 11989 
1 2 11994 11995 
1 3 11989 374 383 
1 5 372 387 391 373 11850 
1 6 387 380 11516 11519 11591 11593 
1 6 6792 6801 6805 11158 11157 11153 
1 3 6808 6794 6793 
1 13 9654 2676 2673 2678 9662 9665 9655 9661 9657 9659 9663 3082 3073 
1 2 2677 2679 
1 2 83 67 
1 2 9990 9978 
1 4 3082 3100 3137 3077 
1 5 6075 6077 6976 6999 2068 
1 6 2068 2063 1450 1452 1453 2149 
1 12 3077 3091 3061 3107 3087 3097 3070 2147 2150 2145 2154 2149 
1 4 2068 6984 6971 6970 
1 5 2068 2059 2062 2056 2066 
1 3 3073 3108 3079 
1 5 4671 4681 4682 10335 10764 
1 9 10352 10342 10336 10340 10337 10758 10421 10441 10417 
1 2 10340 10335 
1 5 2066 10165 10180 10187 10179 
1 4 264 9076 9078 10749 
1 5 268 11471 11474 11469 11476 
1 2 4584 9614 
1 5 11476 11472 11825 11819 11836 
1 6 11328 11329 11326 11311 11325 11746 
1 4 11326 11319 11749 11764 
1 5 5845 5861 5836 5851 11910 
1 4 3456 3452 220 216 
1 2 220 226 
1 8 11865 11878 6448 6449 6456 11616 11605 11610 
1 3 6456 11771 11775 
1 3 11775 8175 8153 
1 6 25 29 32 28 8162 8165 
1 2 8165 8153 
1 5 739 742 11774 10864 10862 
1 9 10861 11894 11892 11890 11925 11934 11927 11931 9497 
1 3 4110 4099 4103 
1 11 11581 11551 11555 11563 7647 7637 7645 7648 7640 8671 8667 
1 9 11693 11527 11524 11572 11574 11579 11560 11552 11581 
1 14 6971 6990 6969 6983 6991 10624 10620 10621 10632 10623 4489 4488 4491 11043 
1 7 11106 11108 9140 9138 9141 9145 8302 
1 4 9145 9137 9147 10628 
1 3 10632 10626 10868 
1 2 4489 10871 
1 4 8302 8303 8325 8307 
1 8 11321 11279 11268 11280 982 976 980 964 
1 3 11100 11269 11277 
1 7 10624 3244 3250 3239 3246 8116 8117 
1 5 3246 8114 8112 10068 10071 
1 4 10071 10062 9093 9096 
1 3 8112 10396 10401 
1 7 9096 9088 10399 10403 10392 4492 4489 
1 4 10399 10397 10822 10821 
1 6 10821 10814 10815 10830 10818 10826 
1 6 10821 10839 9097 1247 1254 1251 
1 14 1251 1257 1244 10055 10059 10050 5958 5959 1195 1190 1197 1191 10072 10062 
1 3 5958 5960 9036 
1 11 10839 10836 10838 10843 10840 10837 11071 11068 11377 11378 11383 
1 18 736 741 6855 6858 6860 11070 11074 11072 5026 5035 5028 5040 10587 10605 10586 10585 1246 1257 
1 7 9036 9037 10012 10046 10031 10042 10027 
1 8 10027 10030 10580 10603 10570 10573 10584 7398 
1 8 10584 10594 10575 8467 8470 8466 6853 11072 
1 5 10027 10003 10043 10022 10366 
1 2 10366 10355 
1 4 10366 10379 10078 10074 
1 2 10078 10090 
1 14 7398 5359 5347 5355 5350 5351 5349 697 572 571 573 568 577 7174 
1 5 5349 8655 8647 8641 571 
1 6 8655 8640 8648 8651 11564 11581 
1 6 2307 2305 2312 2314 2313 5355 
1 8 2314 2309 4863 4862 9467 9468 9466 11534 
1 4 9468 9464 6856 6855 
1 4 11403 11392 11401 11408 
1 5 5351 5352 7397 7415 7404 
1 5 697 689 687 695 700 
1 5 687 691 11001 10999 10993 
1 6 10993 10991 2689 2681 2685 6316 
1 2 2681 2682 
1 4 2682 2687 10795 10792 
1 3 10993 10992 7169 
1 6 7169 7170 7175 11294 11299 11284 
1 4 11284 11122 11129 11131 
1 4 11131 11125 9571 9575 
1 4 9575 9586 9581 9569 
1 6 10792 10791 10798 9584 9572 9575 
1 4 11284 11293 11486 11489 
1 2 11484 11486 
1 19 10090 10087 10101 10093 10099 10102 10240 10242 10107 10106 10104 8762 8765 8761 10326 10330 10319 10320 10798 
1 4 10319 10318 10666 10651 
1 6 10651 10645 10671 10636 9587 11192 
1 7 10651 10672 10646 10665 10659 10952 10945 
1 2 9813 9808 
1 2 11806 11782 
1 2 4043 4046 
1 2 12490 12487 
1 2 9476 9665 
1 2 851 9663 
1 2 4380 3077 
1 4 2419 2409 2420 2147 
1 5 4573 4569 8568 2142 2149 
1 4 9510 9522 9511 1450 
1 3 6075 9667 9681 
1 5 9681 185 193 180 181 
1 5 8117 3248 9674 2129 2138 
1 3 9710 9708 1197 
1 3 9390 9399 9036 
1 7 9391 9361 9395 9423 9374 9382 9848 
1 5 9370 9405 2464 2473 2466 
1 2 6001 8132 
1 4 8329 8333 8119 8122 
1 8 8329 8332 8338 8441 8453 8437 8449 8431 
1 4 9921 9936 9934 10074 
1 3 6923 6924 10106 
1 7 6391 6387 6401 8759 10332 10315 10330 
1 7 6394 6399 6405 6388 6386 2917 2909 
1 6 2917 2910 10641 10676 10648 10665 
1 7 10737 10740 10728 538 553 559 537 
1 3 10138 10127 10691 
1 3 4844 4854 8739 
1 4 9450 9446 9461 286 
1 5 9328 9315 9320 9314 9045 
1 3 10978 535 563 
1 4 10527 10476 10510 11364 
1 3 8968 8184 10964 
1 3 10466 11040 11032 
1 2 7225 8581 
1 5 5494 2761 2758 2750 2747 
1 3 7220 8865 8680 
1 3 7811 8747 8744 
1 4 506 500 476 8745 
1 3 8774 8026 8028 
1 6 8024 8025 8816 8824 8825 8822 
1 5 7734 7731 7747 7988 7970 
1 7 7212 7196 7198 5173 5182 6542 6535 
1 4 6579 6564 6565 6582 
1 4 5950 5955 5948 314 
1 6 7445 3802 3790 3821 3789 3836 
1 9 335 353 5940 5938 5912 5933 5920 5917 5244 
1 2 5244 1284 
