1 7 
1 54 
1 67 
1 105 
1 107 
1 147 
1 158 
1 181 
1 186 
1 216 
1 226 
1 236 
1 264 
1 277 
1 286 
1 293 
1 297 
1 298 
1 303 
1 314 
1 337 
1 347 
1 357 
1 370 
1 383 
1 410 
1 439 
1 453 
1 466 
1 483 
1 499 
1 506 
1 516 
1 537 
1 563 
1 571 
1 602 
1 608 
1 610 
1 624 
1 653 
1 659 
1 677 
1 678 
1 679 
1 700 
1 714 
1 735 
1 758 
1 831 
1 839 
1 850 
1 851 
1 859 
1 860 
1 872 
1 877 
1 882 
1 951 
1 964 
1 1011 
1 1053 
1 1070 
1 1091 
1 1093 
1 1119 
1 1147 
1 1197 
1 1208 
1 1215 
1 1227 
1 1251 
1 1257 
1 1265 
1 1287 
1 1304 
1 1324 
1 1335 
1 1336 
1 1358 
1 1403 
1 1414 
1 1426 
1 1433 
1 1443 
1 1452 
1 1461 
1 1474 
1 1513 
1 1517 
1 1537 
1 1562 
1 1584 
1 1622 
1 1634 
1 1638 
1 1647 
1 1714 
1 1732 
1 1751 
1 1782 
1 1792 
1 1810 
1 1819 
1 1841 
1 1872 
1 1923 
1 1931 
1 1943 
1 1976 
1 1989 
1 2007 
1 2028 
1 2031 
1 2044 
1 2066 
1 2068 
1 2115 
1 2128 
1 2137 
1 2149 
1 2161 
1 2189 
1 2190 
1 2211 
1 2236 
1 2237 
1 2256 
1 2263 
1 2279 
1 2288 
1 2312 
1 2338 
1 2365 
1 2377 
1 2404 
1 2419 
1 2432 
1 2434 
1 2440 
1 2463 
1 2466 
1 2476 
1 2505 
1 2510 
1 2518 
1 2544 
1 2565 
1 2570 
1 2572 
1 2576 
1 2581 
1 2601 
1 2625 
1 2643 
1 2658 
1 2676 
1 2679 
1 2682 
1 2685 
1 2689 
1 2707 
1 2712 
1 2714 
1 2729 
1 2763 
1 2791 
1 2814 
1 2824 
1 2826 
1 2828 
1 2854 
1 2863 
1 2869 
1 2882 
1 2896 
1 2908 
1 2942 
1 2963 
1 2967 
1 2991 
1 3000 
1 3008 
1 3018 
1 3031 
1 3045 
1 3073 
1 3079 
1 3139 
1 3149 
1 3168 
1 3175 
1 3179 
1 3190 
1 3191 
1 3192 
1 3217 
1 3250 
1 3261 
1 3263 
1 3270 
1 3273 
1 3280 
1 3306 
1 3313 
1 3315 
1 3389 
1 3403 
1 3431 
1 3483 
1 3500 
1 3504 
1 3508 
1 3514 
1 3518 
1 3533 
1 3555 
1 3559 
1 3563 
1 3585 
1 3591 
1 3602 
1 3625 
1 3628 
1 3664 
1 3672 
1 3686 
1 3708 
1 3709 
1 3750 
1 3760 
1 3764 
1 3768 
1 3811 
1 3836 
1 3866 
1 3878 
1 3889 
1 3893 
1 3902 
1 3903 
1 3928 
1 3951 
1 3973 
1 3996 
1 4033 
1 4045 
1 4046 
1 4050 
1 4051 
1 4070 
1 4072 
1 4086 
1 4103 
1 4110 
1 4115 
1 4121 
1 4136 
1 4205 
1 4210 
1 4232 
1 4245 
1 4250 
1 4256 
1 4270 
1 4276 
1 4316 
1 4334 
1 4380 
1 4390 
1 4411 
1 4420 
1 4431 
1 4439 
1 4441 
1 4463 
1 4472 
1 4474 
1 4489 
1 4495 
1 4515 
1 4516 
1 4558 
1 4563 
1 4571 
1 4575 
1 4584 
1 4587 
1 4600 
1 4611 
1 4613 
1 4631 
1 4638 
1 4661 
1 4671 
1 4672 
1 4688 
1 4689 
1 4701 
1 4732 
1 4760 
1 4770 
1 4809 
1 4844 
1 4863 
1 4867 
1 4884 
1 4910 
1 4927 
1 4964 
1 4974 
1 4975 
1 5009 
1 5014 
1 5028 
1 5035 
1 5045 
1 5048 
1 5069 
1 5096 
1 5111 
1 5125 
1 5134 
1 5151 
1 5175 
1 5178 
1 5196 
1 5205 
1 5216 
1 5226 
1 5227 
1 5236 
1 5266 
1 5279 
1 5295 
1 5315 
1 5344 
1 5351 
1 5355 
1 5390 
1 5392 
1 5402 
1 5417 
1 5420 
1 5431 
1 5451 
1 5467 
1 5494 
1 5495 
1 5510 
1 5533 
1 5540 
1 5555 
1 5561 
1 5608 
1 5629 
1 5634 
1 5639 
1 5641 
1 5645 
1 5664 
1 5687 
1 5696 
1 5717 
1 5768 
1 5774 
1 5776 
1 5795 
1 5813 
1 5814 
1 5818 
1 5836 
1 5894 
1 5909 
1 5950 
1 5956 
1 5959 
1 5970 
1 5973 
1 5977 
1 6000 
1 6026 
1 6033 
1 6061 
1 6075 
1 6085 
1 6094 
1 6099 
1 6112 
1 6141 
1 6171 
1 6188 
1 6194 
1 6202 
1 6203 
1 6237 
1 6241 
1 6271 
1 6276 
1 6289 
1 6303 
1 6313 
1 6316 
1 6327 
1 6353 
1 6360 
1 6362 
1 6368 
1 6391 
1 6394 
1 6410 
1 6419 
1 6424 
1 6442 
1 6448 
1 6449 
1 6461 
1 6467 
1 6478 
1 6484 
1 6521 
1 6522 
1 6523 
1 6534 
1 6535 
1 6545 
1 6549 
1 6560 
1 6579 
1 6586 
1 6598 
1 6608 
1 6611 
1 6622 
1 6643 
1 6653 
1 6675 
1 6680 
1 6687 
1 6707 
1 6720 
1 6738 
1 6744 
1 6749 
1 6761 
1 6768 
1 6792 
1 6793 
1 6801 
1 6834 
1 6844 
1 6848 
1 6855 
1 6858 
1 6879 
1 6923 
1 6942 
1 6947 
1 6951 
1 6970 
1 7005 
1 7023 
1 7060 
1 7070 
1 7082 
1 7087 
1 7109 
1 7129 
1 7136 
1 7152 
1 7156 
1 7164 
1 7169 
1 7172 
1 7190 
1 7200 
1 7220 
1 7224 
1 7225 
1 7259 
1 7261 
1 7285 
1 7290 
1 7295 
1 7302 
1 7309 
1 7317 
1 7324 
1 7354 
1 7361 
1 7375 
1 7387 
1 7390 
1 7398 
1 7404 
1 7415 
1 7419 
1 7445 
1 7460 
1 7466 
1 7506 
1 7523 
1 7553 
1 7555 
1 7570 
1 7571 
1 7577 
1 7578 
1 7580 
1 7585 
1 7595 
1 7620 
1 7637 
1 7645 
1 7650 
1 7654 
1 7686 
1 7716 
1 7734 
1 7758 
1 7768 
1 7772 
1 7787 
1 7788 
1 7809 
1 7811 
1 7849 
1 7850 
1 7861 
1 7866 
1 7878 
1 7885 
1 7896 
1 7925 
1 7936 
1 7951 
1 7953 
1 7956 
1 7970 
1 8000 
1 8010 
1 8015 
1 8017 
1 8023 
1 8040 
1 8062 
1 8098 
1 8103 
1 8109 
1 8117 
1 8122 
1 8127 
1 8153 
1 8165 
1 8176 
1 8185 
1 8200 
1 8208 
1 8243 
1 8244 
1 8253 
1 8266 
1 8269 
1 8297 
1 8302 
1 8307 
1 8329 
1 8378 
1 8383 
1 8407 
1 8435 
1 8443 
1 8467 
1 8481 
1 8484 
1 8564 
1 8574 
1 8581 
1 8631 
1 8647 
1 8648 
1 8657 
1 8667 
1 8680 
1 8692 
1 8701 
1 8728 
1 8739 
1 8744 
1 8745 
1 8752 
1 8762 
1 8773 
1 8774 
1 8783 
1 8818 
1 8844 
1 8851 
1 8860 
1 8861 
1 8879 
1 8880 
1 8883 
1 8893 
1 8919 
1 8920 
1 8925 
1 8933 
1 8941 
1 8961 
1 8970 
1 9000 
1 9004 
1 9017 
1 9036 
1 9045 
1 9069 
1 9076 
1 9096 
1 9097 
1 9104 
1 9110 
1 9120 
1 9140 
1 9145 
1 9162 
1 9168 
1 9172 
1 9192 
1 9207 
1 9216 
1 9221 
1 9227 
1 9248 
1 9252 
1 9265 
1 9270 
1 9275 
1 9303 
1 9328 
1 9340 
1 9343 
1 9357 
1 9370 
1 9386 
1 9391 
1 9450 
1 9464 
1 9468 
1 9474 
1 9481 
1 9485 
1 9510 
1 9549 
1 9557 
1 9569 
1 9575 
1 9597 
1 9614 
1 9625 
1 9662 
1 9681 
1 9690 
1 9699 
1 9719 
1 9723 
1 9745 
1 9771 
1 9774 
1 9791 
1 9807 
1 9808 
1 9810 
1 9820 
1 9826 
1 9845 
1 9848 
1 9850 
1 9857 
1 9877 
1 9884 
1 9893 
1 9899 
1 9916 
1 9921 
1 9926 
1 9944 
1 9946 
1 9955 
1 9973 
1 9978 
1 9982 
1 9996 
1 10027 
1 10050 
1 10059 
1 10071 
1 10074 
1 10090 
1 10099 
1 10106 
1 10112 
1 10117 
1 10120 
1 10132 
1 10138 
1 10179 
1 10206 
1 10224 
1 10240 
1 10250 
1 10263 
1 10275 
1 10287 
1 10319 
1 10343 
1 10352 
1 10355 
1 10366 
1 10383 
1 10388 
1 10399 
1 10413 
1 10417 
1 10450 
1 10522 
1 10527 
1 10530 
1 10537 
1 10540 
1 10551 
1 10568 
1 10586 
1 10616 
1 10621 
1 10624 
1 10628 
1 10651 
1 10691 
1 10696 
1 10707 
1 10714 
1 10733 
1 10737 
1 10749 
1 10764 
1 10786 
1 10792 
1 10801 
1 10802 
1 10815 
1 10821 
1 10836 
1 10843 
1 10849 
1 10862 
1 10864 
1 10868 
1 10871 
1 10885 
1 10888 
1 10898 
1 10916 
1 10945 
1 10972 
1 10973 
1 10974 
1 10993 
1 11001 
1 11029 
1 11031 
1 11043 
1 11053 
1 11058 
1 11068 
1 11074 
1 11078 
1 11084 
1 11099 
1 11102 
1 11106 
1 11131 
1 11134 
1 11147 
1 11150 
1 11153 
1 11158 
1 11167 
1 11192 
1 11200 
1 11217 
1 11240 
1 11252 
1 11268 
1 11277 
1 11283 
1 11284 
1 11289 
1 11307 
1 11317 
1 11329 
1 11344 
1 11349 
1 11364 
1 11369 
1 11370 
1 11382 
1 11408 
1 11412 
1 11414 
1 11419 
1 11431 
1 11443 
1 11455 
1 11457 
1 11459 
1 11476 
1 11482 
1 11484 
1 11490 
1 11491 
1 11501 
1 11511 
1 11519 
1 11524 
1 11534 
1 11548 
1 11549 
1 11555 
1 11557 
1 11574 
1 11589 
1 11591 
1 11593 
1 11605 
1 11610 
1 11626 
1 11637 
1 11643 
1 11650 
1 11672 
1 11677 
1 11688 
1 11707 
1 11746 
1 11764 
1 11774 
1 11775 
1 11782 
1 11785 
1 11819 
1 11836 
1 11850 
1 11878 
1 11891 
1 11892 
1 11898 
1 11910 
1 11920 
1 11925 
1 11927 
1 11942 
1 11945 
1 11958 
1 11959 
1 11989 
1 11994 
1 11995 
1 12002 
1 12004 
1 12029 
1 12041 
1 12067 
1 12072 
1 12113 
1 12117 
1 12127 
1 12134 
1 12136 
1 12172 
1 12174 
1 12196 
1 12219 
1 12233 
1 12247 
1 12281 
1 12284 
1 12295 
1 12297 
1 12301 
1 12306 
1 12321 
1 12340 
1 12347 
1 12387 
1 12403 
1 12415 
1 12417 
1 12438 
1 12441 
1 12461 
1 12473 
1 12487 
1 12489 
1 12498 
1 12515 
1 12522 
1 12528 
1 12542 
1 12554 
1 12557 
1 12573 
1 12575 
1 12578 
1 12579 
1 12587 
1 12591 
1 12609 
